6
COL4A2-201 0.0000000 1.7269408 2.1138016 1.7625120 1.8232725 1.4060033 
COL4A1-201 1.7269408 0.0000000 1.4447241 1.7774078 0.8674865 1.7171926 
COL4A3-202 2.1138016 1.4447241 0.0000000 2.0659287 1.2936413 1.9082324 
COL4A4-201 1.7625120 1.7774078 2.0659287 0.0000000 1.7712977 1.7017319 
COL4A5-201 1.8232725 0.8674865 1.2936413 1.7712977 0.0000000 1.5794765 
COL4A6-203 1.4060033 1.7171926 1.9082324 1.7017319 1.5794765 0.0000000 
